4
7
8
9
13
15
16
23
33
34
41
43
46
48
51
58
62
73
78
93
94
98
99
103
107
113
115
124
125
130
132
138
146
149
156
182
188
189
191
207
212
221
222
225
234
248
250
259
262
263
266
276
286
290
291
295
302
310
312
322
326
328
337
344
392
403
423
426
429
437
448
450
459
460
473
484
485
501
503
508
513
514
532
540
541
555
566
570
581
584
589
591
594
596
600
602
606
613
615
620
629
655
661
666
670
676
678
681
690
693
695
703
707
710
714
722
731
736
742
745
746
747
753
756
758
763
768
781
792
793
801
806
824
827
830
832
854
856
860
861
864
870
883
885
895
905
906
921
932
938
942
947
948
956
975
983
984
986
988
989
990
997
1004
1011
1017
1022
1038
1041
1043
1045
1051
1057
1059
1063
1066
1068
1071
1086
1087
1088
1095
1099
1100
1103
1104
1120
1123
1137
1139
1151
1154
1158
1164
1175
1176
1178
1183
1193
1198
1201
1205
1212
1214
1215
1219
1222
1224
1235
1236
1239
1246
1252
1254
1258
1288
1309
1315
1334
1342
1346
1348
1353
1359
1361
1377
1390
1391
1401
1404
1411
1413
1417
1450
1473
1483
1487
1489
1502
1514
1531
1541
1550
1555
1560
1571
1573
1574
1578
1603
1607
1609
1611
1613
1614
1616
1624
1629
1636
1637
1653
1661
1668
1671
1674
1676
1686
1687
1700
1705
1718
1720
1727
1728
1730
1732
1735
1751
1753
1755
1767
1771
1775
1788
1797
1802
1806
1807
1809
1817
1823
1837
1842
1846
1855
1864
1868
1870
1872
1875
1888
1892
1893
1896
1898
1905
1914
1917
1926
1939
1941
1944
1949
1957
1961
1998
2004
2007
2009
2030
2034
2038
2041
2042
2044
2051
2054
2070
2071
2082
2092
2101
2117
2119
2136
2140
2164
2171
2175
2180
2184
2190
2194
2203
2204
2205
2212
2229
2233
2257
2266
2267
2280
2313
2315
2319
2322
2332
2339
2340
2346
2360
2363
2364
2368
2369
2370
2376
2380
2391
2406
2415
2435
2443
2454
